typeset -U path PATH
path=(~/.local/bin ~/.deta/bin $path)
export PATH
export FPATH="$HOME/.config/zsh/myfunctions":$FPATH
export XDG_MENU_PREFIX="arch-"
#export PATH="~/.local/bin":$PATH
#export PATH="/home/tiamat/.deta/bin:$PATH"
export SSH_AUTH_SOCK=$XDG_RUNTIME_DIR/gcr/ssh
export LC_ALL=es_AR.UTF-8
export TERMINAL="alacritty"
export TERMCMD="alacritty"
export EDITOR="nvim"
export VISUAL="nvim"
export SUDO_EDITOR="nvim"
export WINIT_X11_SCALE_FACTOR=1.0
export LS_COLORS='ca=0;38;2;40;40;40;48;2;204;36;29:cd=3;38;2;250;189;47:sg=0;38;2;40;40;40;48;2;214;93;14:or=3;38;2;251;73;52:so=1;38;2;177;98;134:*~=3;38;2;102;92;84:tw=3;38;2;235;219;178;48;2;69;133;136:st=0;38;2;235;219;178;48;2;69;133;136:do=1;38;2;211;134;155:ow=1;38;2;184;187;38:bd=1;38;2;215;153;33:su=0;38;2;235;219;178;48;2;204;36;29:fi=0;38;2;235;219;178;48;2;40;40;40:di=0;38;2;69;133;136:pi=0;38;2;177;98;134:ex=1;38;2;184;187;38:mh=1:mi=0;38;2;235;219;178;48;2;251;73;52:no=0;38;2;235;219;178;48;2;40;40;40:ln=3;38;2;131;165;152:rs=0:*.c=0;38;2;152;151;26:*.t=0;38;2;152;151;26:*.p=0;38;2;152;151;26:*.o=3;38;2;102;92;84:*.h=0;38;2;152;151;26:*.m=0;38;2;152;151;26:*.r=0;38;2;152;151;26:*.a=1;38;2;184;187;38:*.z=0;38;2;214;93;14:*.d=0;38;2;152;151;26:*.ko=1;38;2;184;187;38:*.nb=0;38;2;152;151;26:*.el=0;38;2;152;151;26:*css=0;38;2;152;151;26:*.bc=3;38;2;102;92;84:*.ui=0;38;2;250;189;47:*.so=1;38;2;184;187;38:*.ps=1;38;2;131;165;152:*.sh=0;38;2;152;151;26:*.fs=0;38;2;152;151;26:*.mn=0;38;2;152;151;26:*.cp=0;38;2;152;151;26:*.rs=0;38;2;152;151;26:*.gz=0;38;2;214;93;14:*.wv=0;38;2;104;157;106:*.as=0;38;2;152;151;26:*.ll=0;38;2;152;151;26:*.hh=0;38;2;152;151;26:*.la=3;38;2;102;92;84:*.kt=0;38;2;152;151;26:*.vb=0;38;2;152;151;26:*.xz=0;38;2;214;93;14:*.ml=0;38;2;152;151;26:*.pl=0;38;2;152;151;26:*.rb=0;38;2;152;151;26:*.py=0;38;2;152;151;26:*.cs=0;38;2;152;151;26:*.7z=0;38;2;214;93;14:*.go=0;38;2;152;151;26:*.ex=0;38;2;152;151;26:*.md=0;38;2;215;153;33:*.gv=0;38;2;152;151;26:*.ts=0;38;2;152;151;26:*.pm=0;38;2;152;151;26:*.pp=0;38;2;152;151;26:*.hi=3;38;2;102;92;84:*.di=0;38;2;152;151;26:*.jl=0;38;2;152;151;26:*.bz=0;38;2;214;93;14:*.lo=3;38;2;102;92;84:*.rm=1;38;2;142;192;124:*.cc=0;38;2;152;151;26:*.cr=0;38;2;152;151;26:*.js=0;38;2;152;151;26:*.hs=0;38;2;152;151;26:*.td=0;38;2;152;151;26:*.m4a=0;38;2;104;157;106:*.htm=0;38;2;215;153;33:*.img=1;38;2;254;128;25:*.ind=3;38;2;102;92;84:*.bmp=0;38;2;104;157;106:*.c++=0;38;2;152;151;26:*.flv=1;38;2;142;192;124:*.zip=0;38;2;214;93;14:*.nix=0;38;2;250;189;47:*.exs=0;38;2;152;151;26:*.bak=3;38;2;102;92;84:*hgrc=3;38;2;184;187;38:*.ttf=0;38;2;104;157;106:*.cpp=0;38;2;152;151;26:*.dmg=1;38;2;254;128;25:*.exe=1;38;2;184;187;38:*.hxx=0;38;2;152;151;26:*.ppt=1;38;2;131;165;152:*.fsx=0;38;2;152;151;26:*.log=3;38;2;102;92;84:*.bat=1;38;2;184;187;38:*.wma=0;38;2;104;157;106:*.tml=0;38;2;250;189;47:*.ods=1;38;2;131;165;152:*.asa=0;38;2;152;151;26:*.mp4=1;38;2;142;192;124:*.mov=1;38;2;142;192;124:*.otf=0;38;2;104;157;106:*.csx=0;38;2;152;151;26:*.ltx=0;38;2;152;151;26:*.m4v=1;38;2;142;192;124:*.xcf=0;38;2;104;157;106:*.bz2=0;38;2;214;93;14:*.pyo=3;38;2;102;92;84:*.eps=0;38;2;104;157;106:*.vcd=1;38;2;254;128;25:*.wav=0;38;2;104;157;106:*.inc=0;38;2;152;151;26:*TODO=0;38;2;184;187;38:*.pgm=0;38;2;104;157;106:*.odp=1;38;2;131;165;152:*.rst=0;38;2;215;153;33:*.ico=0;38;2;104;157;106:*.vim=0;38;2;152;151;26:*.bst=0;38;2;250;189;47:*.mp3=0;38;2;104;157;106:*.txt=0;38;2;235;219;178:*.epp=0;38;2;152;151;26:*.tcl=0;38;2;152;151;26:*.aux=3;38;2;102;92;84:*.bsh=0;38;2;152;151;26:*.swp=3;38;2;102;92;84:*.tif=0;38;2;104;157;106:*.blg=3;38;2;102;92;84:*.dot=0;38;2;152;151;26:*.svg=0;38;2;104;157;106:*.elm=0;38;2;152;151;26:*.tsx=0;38;2;152;151;26:*.ps1=0;38;2;152;151;26:*.vob=1;38;2;142;192;124:*.awk=0;38;2;152;151;26:*.ilg=3;38;2;102;92;84:*.out=3;38;2;102;92;84:*.mir=0;38;2;152;151;26:*.bib=0;38;2;250;189;47:*.mli=0;38;2;152;151;26:*.erl=0;38;2;152;151;26:*.idx=3;38;2;102;92;84:*.pyc=3;38;2;102;92;84:*.pod=0;38;2;152;151;26:*.lua=0;38;2;152;151;26:*.php=0;38;2;152;151;26:*.fsi=0;38;2;152;151;26:*.ics=1;38;2;131;165;152:*.zst=0;38;2;214;93;14:*.htc=0;38;2;152;151;26:*.wmv=1;38;2;142;192;124:*.pyd=3;38;2;102;92;84:*.psd=0;38;2;104;157;106:*.pkg=0;38;2;214;93;14:*.com=1;38;2;184;187;38:*.def=0;38;2;152;151;26:*.tgz=0;38;2;214;93;14:*.png=0;38;2;104;157;106:*.yml=0;38;2;250;189;47:*.sxi=1;38;2;131;165;152:*.pid=3;38;2;102;92;84:*.zsh=0;38;2;152;151;26:*.aif=0;38;2;104;157;106:*.cfg=0;38;2;250;189;47:*.toc=3;38;2;102;92;84:*.git=3;38;2;102;92;84:*.cxx=0;38;2;152;151;26:*.rtf=1;38;2;131;165;152:*.swf=1;38;2;142;192;124:*.pps=1;38;2;131;165;152:*.rar=0;38;2;214;93;14:*.kts=0;38;2;152;151;26:*.h++=0;38;2;152;151;26:*.iso=1;38;2;254;128;25:*.clj=0;38;2;152;151;26:*.hpp=0;38;2;152;151;26:*.apk=0;38;2;214;93;14:*.fon=0;38;2;104;157;106:*.tbz=0;38;2;214;93;14:*.dox=3;38;2;184;187;38:*.mid=0;38;2;104;157;106:*.odt=1;38;2;131;165;152:*.rpm=0;38;2;214;93;14:*.bbl=3;38;2;102;92;84:*.ini=0;38;2;250;189;47:*.bin=1;38;2;254;128;25:*.xmp=0;38;2;250;189;47:*.xlr=1;38;2;131;165;152:*.dpr=0;38;2;152;151;26:*.pas=0;38;2;152;151;26:*.sbt=0;38;2;152;151;26:*.fnt=0;38;2;104;157;106:*.pbm=0;38;2;104;157;106:*.ipp=0;38;2;152;151;26:*.jar=0;38;2;214;93;14:*.pro=3;38;2;184;187;38:*.deb=0;38;2;214;93;14:*.sty=3;38;2;102;92;84:*.mkv=1;38;2;142;192;124:*.inl=0;38;2;152;151;26:*.cgi=0;38;2;152;151;26:*.bcf=3;38;2;102;92;84:*.ogg=0;38;2;104;157;106:*.sql=0;38;2;152;151;26:*.kex=1;38;2;131;165;152:*.csv=0;38;2;215;153;33:*.avi=1;38;2;142;192;124:*.mpg=1;38;2;142;192;124:*.ppm=0;38;2;104;157;106:*.jpg=0;38;2;104;157;106:*.sxw=1;38;2;131;165;152:*.gvy=0;38;2;152;151;26:*.xls=1;38;2;131;165;152:*.pdf=1;38;2;131;165;152:*.fls=3;38;2;102;92;84:*.doc=1;38;2;131;165;152:*.xml=0;38;2;215;153;33:*.arj=0;38;2;214;93;14:*.bag=0;38;2;214;93;14:*.tar=0;38;2;214;93;14:*.tmp=3;38;2;102;92;84:*.gif=0;38;2;104;157;106:*.dll=1;38;2;184;187;38:*.tex=0;38;2;152;151;26:*.lock=3;38;2;102;92;84:*.pptx=1;38;2;131;165;152:*.hgrc=3;38;2;184;187;38:*.diff=0;38;2;152;151;26:*.epub=1;38;2;131;165;152:*.lisp=0;38;2;152;151;26:*.make=3;38;2;184;187;38:*.less=0;38;2;152;151;26:*.fish=0;38;2;152;151;26:*.flac=0;38;2;104;157;106:*.tbz2=0;38;2;214;93;14:*.conf=0;38;2;250;189;47:*.toml=0;38;2;250;189;47:*.html=0;38;2;215;153;33:*.psm1=0;38;2;152;151;26:*.jpeg=0;38;2;104;157;106:*.xlsx=1;38;2;131;165;152:*.webm=1;38;2;142;192;124:*.purs=0;38;2;152;151;26:*.h264=1;38;2;142;192;124:*.rlib=3;38;2;102;92;84:*.java=0;38;2;152;151;26:*.json=0;38;2;250;189;47:*.tiff=0;38;2;104;157;106:*.dart=0;38;2;152;151;26:*.mpeg=1;38;2;142;192;124:*.docx=1;38;2;131;165;152:*.yaml=0;38;2;250;189;47:*.psd1=0;38;2;152;151;26:*.orig=3;38;2;102;92;84:*.opus=0;38;2;104;157;106:*.bash=0;38;2;152;151;26:*shadow=0;38;2;250;189;47:*.class=3;38;2;102;92;84:*passwd=0;38;2;250;189;47:*.scala=0;38;2;152;151;26:*.xhtml=0;38;2;215;153;33:*.patch=0;38;2;152;151;26:*.dyn_o=3;38;2;102;92;84:*.cabal=0;38;2;152;151;26:*.swift=0;38;2;152;151;26:*.cmake=3;38;2;184;187;38:*.toast=1;38;2;254;128;25:*.shtml=0;38;2;215;153;33:*.ipynb=0;38;2;152;151;26:*.cache=3;38;2;102;92;84:*.mdown=0;38;2;215;153;33:*README=1;38;2;250;189;47:*.groovy=0;38;2;152;151;26:*.matlab=0;38;2;152;151;26:*.ignore=3;38;2;184;187;38:*.dyn_hi=3;38;2;102;92;84:*.gradle=0;38;2;152;151;26:*.config=0;38;2;250;189;47:*COPYING=3;38;2;235;219;178:*.flake8=3;38;2;184;187;38:*INSTALL=1;38;2;250;189;47:*TODO.md=0;38;2;184;187;38:*LICENSE=3;38;2;235;219;178:*TODO.txt=0;38;2;184;187;38:*.desktop=0;38;2;250;189;47:*setup.py=3;38;2;184;187;38:*Doxyfile=3;38;2;184;187;38:*.gemspec=3;38;2;184;187;38:*Makefile=3;38;2;184;187;38:*configure=3;38;2;184;187;38:*.DS_Store=3;38;2;102;92;84:*COPYRIGHT=3;38;2;235;219;178:*.markdown=0;38;2;215;153;33:*.cmake.in=3;38;2;184;187;38:*.kdevelop=3;38;2;184;187;38:*.rgignore=3;38;2;184;187;38:*README.md=1;38;2;250;189;47:*.fdignore=3;38;2;184;187;38:*.gitignore=3;38;2;184;187;38:*SConstruct=3;38;2;184;187;38:*Dockerfile=0;38;2;250;189;47:*README.txt=1;38;2;250;189;47:*.scons_opt=3;38;2;102;92;84:*CODEOWNERS=3;38;2;184;187;38:*.localized=3;38;2;102;92;84:*.gitconfig=3;38;2;184;187;38:*INSTALL.md=1;38;2;250;189;47:*SConscript=3;38;2;184;187;38:*LICENSE-MIT=3;38;2;235;219;178:*.gitmodules=3;38;2;184;187;38:*MANIFEST.in=3;38;2;184;187;38:*Makefile.in=3;38;2;102;92;84:*INSTALL.txt=1;38;2;250;189;47:*.synctex.gz=3;38;2;102;92;84:*Makefile.am=3;38;2;184;187;38:*.travis.yml=0;38;2;131;165;152:*.fdb_latexmk=3;38;2;102;92;84:*CONTRIBUTORS=1;38;2;250;189;47:*.applescript=0;38;2;152;151;26:*appveyor.yml=0;38;2;131;165;152:*configure.ac=3;38;2;184;187;38:*.clang-format=3;38;2;184;187;38:*.gitattributes=3;38;2;184;187;38:*CMakeLists.txt=3;38;2;184;187;38:*CMakeCache.txt=3;38;2;102;92;84:*LICENSE-APACHE=3;38;2;235;219;178:*CONTRIBUTORS.md=1;38;2;250;189;47:*requirements.txt=3;38;2;184;187;38:*.sconsign.dblite=3;38;2;102;92;84:*CONTRIBUTORS.txt=1;38;2;250;189;47:*package-lock.json=3;38;2;102;92;84:*.CFUserTextEncoding=3;38;2;102;92;84:'

### Make this mysecrets.zsh file for sensible info
source ~/.config/mysecrets.zsh

export XDG_DESKTOP_DIR="$HOME/Desktop"
export XDG_DOWNLOAD_DIR="$HOME/Descargas"
export XDG_TEMPLATES_DIR="$HOME/Plantillas"
export XDG_PUBLICSHARE_DIR="$HOME/Público"
export XDG_DOCUMENTS_DIR="$HOME/Documentos"
export XDG_MUSIC_DIR="$HOME/Música"
export XDG_PICTURES_DIR="$HOME/Imágenes"
export XDG_VIDEOS_DIR="$HOME/Vídeos"
